3.0000e+00
3.0000e+00
3.0000e+00
3.0000e+00
3.0000e+00
3.0000e+00
3.0000e+00
3.0000e+00
3.0000e+00
3.0000e+00
3.0000e+00
8.0000e-01
8.0000e-01
8.0000e-01
8.0000e-01
8.0000e-01
8.0000e-01
8.0000e-01
8.0000e-01
8.0000e-01
8.0000e-01
8.0000e-01
-1.4000e+00
-1.4000e+00
-1.4000e+00
-1.4000e+00
-1.4000e+00
-1.4000e+00
-1.4000e+00
-1.4000e+00
-1.4000e+00
-1.4000e+00
-1.4000e+00
-3.6000e+00
-3.6000e+00
-3.6000e+00
-3.6000e+00
-3.6000e+00
-3.6000e+00
-3.6000e+00
-3.6000e+00
-3.6000e+00
-3.6000e+00
-3.6000e+00
-5.8000e+00
-5.8000e+00
-5.8000e+00
-5.8000e+00
-5.8000e+00
-5.8000e+00
-5.8000e+00
-5.8000e+00
-5.8000e+00
-5.8000e+00
-5.8000e+00
-8.0000e+00
-8.0000e+00
-8.0000e+00
-8.0000e+00
-8.0000e+00
-8.0000e+00
-8.0000e+00
-8.0000e+00
-8.0000e+00
-8.0000e+00
-8.0000e+00
-1.0200e+01
-1.0200e+01
-1.0200e+01
-1.0200e+01
-1.0200e+01
-1.0200e+01
-1.0200e+01
-1.0200e+01
-1.0200e+01
-1.0200e+01
-1.0200e+01
-1.2400e+01
-1.2400e+01
-1.2400e+01
-1.2400e+01
-1.2400e+01
-1.2400e+01
-1.2400e+01
-1.2400e+01
-1.2400e+01
-1.2400e+01
-1.2400e+01
-1.4600e+01
-1.4600e+01
-1.4600e+01
-1.4600e+01
-1.4600e+01
-1.4600e+01
-1.4600e+01
-1.4600e+01
-1.4600e+01
-1.4600e+01
-1.4600e+01
-1.6800e+01
-1.6800e+01
-1.6800e+01
-1.6800e+01
-1.6800e+01
-1.6800e+01
-1.6800e+01
-1.6800e+01
-1.6800e+01
-1.6800e+01
-1.6800e+01
-1.9000e+01
-1.9000e+01
-1.9000e+01
-1.9000e+01
-1.9000e+01
-1.9000e+01
-1.9000e+01
-1.9000e+01
-1.9000e+01
-1.9000e+01
-1.9000e+01
